0.000000000000000000e+00 1.558533333333333246e+02 4.316965163424674756e+01
4.000000000000000000e+00 1.576633333333333269e+02 5.647496633219201811e+01
7.000000000000000000e+00 1.853650000000000091e+02 7.966954138816164743e+01
1.100000000000000000e+01 1.829299999999999784e+02 1.015502353517705956e+02
1.400000000000000000e+01 2.042916666666666572e+02 8.429478442083801326e+01
1.800000000000000000e+01 2.212916666666666572e+02 1.127265863962692407e+02
2.100000000000000000e+01 2.238316666666666208e+02 1.047339280298201771e+02
2.500000000000000000e+01 2.570516666666666765e+02 1.346612259730155472e+02
2.900000000000000000e+01 2.660066666666667174e+02 1.412331036108587341e+02
3.200000000000000000e+01 1.666500000000000057e+02 6.068445105626317115e+01
3.500000000000000000e+01 2.171699999999999875e+02 8.507466994744480360e+01
