0.000000000000000000e+00 1.644399999999999977e+02
4.000000000000000000e+00 1.655300000000000011e+02
7.000000000000000000e+00 1.617899999999999920e+02
1.100000000000000000e+01 1.766699999999999875e+02
1.400000000000000000e+01 2.337800000000000011e+02
1.800000000000000000e+01 2.225300000000000011e+02
2.100000000000000000e+01 2.310099999999999909e+02
2.500000000000000000e+01 3.044499999999999886e+02
2.900000000000000000e+01 2.339000000000000057e+02
3.200000000000000000e+01 2.497800000000000011e+02
3.500000000000000000e+01 3.180500000000000114e+02
