0.000000000000000000e+00 1.054899999999999949e+02
4.000000000000000000e+00 1.345399999999999920e+02
7.000000000000000000e+00 1.593600000000000136e+02
1.100000000000000000e+01 1.625900000000000034e+02
1.400000000000000000e+01 1.208400000000000034e+02
1.800000000000000000e+01 2.188899999999999864e+02
2.100000000000000000e+01 2.313100000000000023e+02
2.500000000000000000e+01 1.915900000000000034e+02
2.900000000000000000e+01 1.909099999999999966e+02
3.200000000000000000e+01 1.435500000000000114e+02
3.500000000000000000e+01 2.235099999999999909e+02
