0.000000000000000000e+00 2.281733333333333178e+02 7.472973898582070262e+01
4.000000000000000000e+00 2.449666666666666686e+02 4.290540395904563553e+01
7.000000000000000000e+00 1.498666666666666458e+02 2.927078217077379207e+01
1.100000000000000000e+01 7.648333333333333428e+01 6.970802600051791309e+00
1.400000000000000000e+01 4.342333333333333911e+01 2.118378992426887564e+01
1.800000000000000000e+01 2.223000000000000043e+01 1.234608439951711922e+01
2.100000000000000000e+01 1.966666666666666785e+01 8.720983634634086101e+00
2.500000000000000000e+01 1.666666666666666741e+00 1.649915822768610818e+00
2.900000000000000000e+01 0.000000000000000000e+00 0.000000000000000000e+00
3.200000000000000000e+01 0.000000000000000000e+00 0.000000000000000000e+00
3.900000000000000000e+01 0.000000000000000000e+00 0.000000000000000000e+00
4.200000000000000000e+01 0.000000000000000000e+00 0.000000000000000000e+00
4.600000000000000000e+01 0.000000000000000000e+00 0.000000000000000000e+00
4.900000000000000000e+01 0.000000000000000000e+00 0.000000000000000000e+00
5.300000000000000000e+01 0.000000000000000000e+00 0.000000000000000000e+00
5.600000000000000000e+01 0.000000000000000000e+00 0.000000000000000000e+00
6.000000000000000000e+01 0.000000000000000000e+00 0.000000000000000000e+00
6.300000000000000000e+01 0.000000000000000000e+00 0.000000000000000000e+00
6.700000000000000000e+01 0.000000000000000000e+00 0.000000000000000000e+00
7.000000000000000000e+01 0.000000000000000000e+00 0.000000000000000000e+00
7.400000000000000000e+01 0.000000000000000000e+00 0.000000000000000000e+00
7.700000000000000000e+01 0.000000000000000000e+00 0.000000000000000000e+00
8.100000000000000000e+01 0.000000000000000000e+00 0.000000000000000000e+00
8.400000000000000000e+01 0.000000000000000000e+00 0.000000000000000000e+00
8.800000000000000000e+01 0.000000000000000000e+00 0.000000000000000000e+00
9.200000000000000000e+01 0.000000000000000000e+00 0.000000000000000000e+00
9.600000000000000000e+01 0.000000000000000000e+00 0.000000000000000000e+00
9.900000000000000000e+01 0.000000000000000000e+00 0.000000000000000000e+00
1.030000000000000000e+02 0.000000000000000000e+00 0.000000000000000000e+00
1.060000000000000000e+02 0.000000000000000000e+00 0.000000000000000000e+00
1.100000000000000000e+02 0.000000000000000000e+00 0.000000000000000000e+00
1.130000000000000000e+02 0.000000000000000000e+00 0.000000000000000000e+00
1.160000000000000000e+02 0.000000000000000000e+00 0.000000000000000000e+00
1.190000000000000000e+02 0.000000000000000000e+00 0.000000000000000000e+00
1.230000000000000000e+02 0.000000000000000000e+00 0.000000000000000000e+00
1.260000000000000000e+02 0.000000000000000000e+00 0.000000000000000000e+00
1.300000000000000000e+02 0.000000000000000000e+00 0.000000000000000000e+00
1.330000000000000000e+02 0.000000000000000000e+00 0.000000000000000000e+00
1.370000000000000000e+02 0.000000000000000000e+00 0.000000000000000000e+00
1.400000000000000000e+02 0.000000000000000000e+00 0.000000000000000000e+00
1.440000000000000000e+02 0.000000000000000000e+00 0.000000000000000000e+00
1.470000000000000000e+02 0.000000000000000000e+00 0.000000000000000000e+00
1.510000000000000000e+02 0.000000000000000000e+00 0.000000000000000000e+00
1.540000000000000000e+02 0.000000000000000000e+00 0.000000000000000000e+00
1.580000000000000000e+02 0.000000000000000000e+00 0.000000000000000000e+00
1.610000000000000000e+02 0.000000000000000000e+00 0.000000000000000000e+00
1.660000000000000000e+02 0.000000000000000000e+00 0.000000000000000000e+00
1.690000000000000000e+02 0.000000000000000000e+00 0.000000000000000000e+00
1.720000000000000000e+02 0.000000000000000000e+00 0.000000000000000000e+00
1.750000000000000000e+02 0.000000000000000000e+00 0.000000000000000000e+00
1.790000000000000000e+02 0.000000000000000000e+00 0.000000000000000000e+00
1.820000000000000000e+02 0.000000000000000000e+00 0.000000000000000000e+00
1.860000000000000000e+02 0.000000000000000000e+00 0.000000000000000000e+00
1.890000000000000000e+02 0.000000000000000000e+00 0.000000000000000000e+00
1.930000000000000000e+02 0.000000000000000000e+00 0.000000000000000000e+00
1.960000000000000000e+02 0.000000000000000000e+00 0.000000000000000000e+00
2.000000000000000000e+02 0.000000000000000000e+00 0.000000000000000000e+00
2.030000000000000000e+02 0.000000000000000000e+00 0.000000000000000000e+00
2.070000000000000000e+02 0.000000000000000000e+00 0.000000000000000000e+00
2.110000000000000000e+02 0.000000000000000000e+00 0.000000000000000000e+00
2.140000000000000000e+02 0.000000000000000000e+00 0.000000000000000000e+00
2.210000000000000000e+02 0.000000000000000000e+00 0.000000000000000000e+00
2.280000000000000000e+02 0.000000000000000000e+00 0.000000000000000000e+00
2.310000000000000000e+02 0.000000000000000000e+00 0.000000000000000000e+00
