0.000000000000000000e+00 1.409099999999999966e+02
4.000000000000000000e+00 1.153499999999999943e+02
7.000000000000000000e+00 1.172099999999999937e+02
1.100000000000000000e+01 8.996999999999999886e+01
1.400000000000000000e+01 1.522199999999999989e+02
1.800000000000000000e+01 8.645000000000000284e+01
2.100000000000000000e+01 1.378499999999999943e+02
2.500000000000000000e+01 1.014300000000000068e+02
2.900000000000000000e+01 1.011700000000000017e+02
3.200000000000000000e+01 1.066200000000000045e+02
3.500000000000000000e+01 1.099500000000000028e+02
