0.000000000000000000e+00 1.449399999999999977e+02
4.000000000000000000e+00 2.057800000000000011e+02
7.000000000000000000e+00 1.190699999999999932e+02
1.100000000000000000e+01 7.301000000000000512e+01
1.400000000000000000e+01 5.713000000000000256e+01
1.800000000000000000e+01 3.968999999999999773e+01
2.100000000000000000e+01 1.350000000000000000e+01
2.500000000000000000e+01 5.000000000000000000e-01
2.900000000000000000e+01 0.000000000000000000e+00
3.200000000000000000e+01 0.000000000000000000e+00
3.900000000000000000e+01 0.000000000000000000e+00
4.200000000000000000e+01 0.000000000000000000e+00
4.600000000000000000e+01 0.000000000000000000e+00
4.900000000000000000e+01 0.000000000000000000e+00
5.300000000000000000e+01 0.000000000000000000e+00
5.600000000000000000e+01 0.000000000000000000e+00
6.000000000000000000e+01 0.000000000000000000e+00
6.300000000000000000e+01 0.000000000000000000e+00
6.700000000000000000e+01 0.000000000000000000e+00
7.000000000000000000e+01 0.000000000000000000e+00
7.400000000000000000e+01 0.000000000000000000e+00
7.700000000000000000e+01 0.000000000000000000e+00
8.100000000000000000e+01 0.000000000000000000e+00
8.400000000000000000e+01 0.000000000000000000e+00
8.800000000000000000e+01 0.000000000000000000e+00
9.200000000000000000e+01 0.000000000000000000e+00
9.600000000000000000e+01 0.000000000000000000e+00
9.900000000000000000e+01 0.000000000000000000e+00
1.030000000000000000e+02 0.000000000000000000e+00
1.060000000000000000e+02 0.000000000000000000e+00
1.100000000000000000e+02 0.000000000000000000e+00
1.130000000000000000e+02 0.000000000000000000e+00
1.160000000000000000e+02 0.000000000000000000e+00
1.190000000000000000e+02 0.000000000000000000e+00
1.230000000000000000e+02 0.000000000000000000e+00
1.260000000000000000e+02 0.000000000000000000e+00
1.300000000000000000e+02 0.000000000000000000e+00
1.330000000000000000e+02 0.000000000000000000e+00
1.370000000000000000e+02 0.000000000000000000e+00
1.400000000000000000e+02 0.000000000000000000e+00
1.440000000000000000e+02 0.000000000000000000e+00
1.470000000000000000e+02 0.000000000000000000e+00
1.510000000000000000e+02 0.000000000000000000e+00
1.540000000000000000e+02 0.000000000000000000e+00
1.580000000000000000e+02 0.000000000000000000e+00
1.610000000000000000e+02 0.000000000000000000e+00
1.660000000000000000e+02 0.000000000000000000e+00
1.690000000000000000e+02 0.000000000000000000e+00
1.720000000000000000e+02 0.000000000000000000e+00
1.750000000000000000e+02 0.000000000000000000e+00
1.790000000000000000e+02 0.000000000000000000e+00
