0.000000000000000000e+00 1.997999999999999829e+02 7.727008908152412481e+00
7.000000000000000000e+00 2.085666666666666913e+02 2.403640757036893305e+01
1.400000000000000000e+01 5.589999999999999858e+01 4.104469108991644077e+00
1.700000000000000000e+01 1.033333333333333393e+01 4.478342947514800443e+00
2.100000000000000000e+01 2.833333333333333481e+00 1.649915822768611040e+00
2.400000000000000000e+01 3.333333333333333148e-01 2.357022603955158391e-01
2.900000000000000000e+01 0.000000000000000000e+00 0.000000000000000000e+00
3.500000000000000000e+01 0.000000000000000000e+00 0.000000000000000000e+00
3.900000000000000000e+01 0.000000000000000000e+00 0.000000000000000000e+00
4.200000000000000000e+01 1.666666666666666574e-01 2.357022603955158391e-01
4.900000000000000000e+01 0.000000000000000000e+00 0.000000000000000000e+00
5.600000000000000000e+01 0.000000000000000000e+00 0.000000000000000000e+00
6.000000000000000000e+01 1.666666666666666574e-01 2.357022603955158391e-01
6.400000000000000000e+01 0.000000000000000000e+00 0.000000000000000000e+00
6.700000000000000000e+01 0.000000000000000000e+00 0.000000000000000000e+00
7.000000000000000000e+01 0.000000000000000000e+00 0.000000000000000000e+00
7.400000000000000000e+01 0.000000000000000000e+00 0.000000000000000000e+00
7.700000000000000000e+01 1.666666666666666574e-01 2.357022603955158391e-01
8.100000000000000000e+01 0.000000000000000000e+00 0.000000000000000000e+00
8.400000000000000000e+01 0.000000000000000000e+00 0.000000000000000000e+00
9.200000000000000000e+01 0.000000000000000000e+00 0.000000000000000000e+00
9.700000000000000000e+01 0.000000000000000000e+00 0.000000000000000000e+00
9.900000000000000000e+01 0.000000000000000000e+00 0.000000000000000000e+00
1.030000000000000000e+02 0.000000000000000000e+00 0.000000000000000000e+00
1.060000000000000000e+02 0.000000000000000000e+00 0.000000000000000000e+00
1.100000000000000000e+02 0.000000000000000000e+00 0.000000000000000000e+00
1.130000000000000000e+02 0.000000000000000000e+00 0.000000000000000000e+00
1.190000000000000000e+02 0.000000000000000000e+00 0.000000000000000000e+00
1.230000000000000000e+02 0.000000000000000000e+00 0.000000000000000000e+00
1.270000000000000000e+02 0.000000000000000000e+00 0.000000000000000000e+00
1.310000000000000000e+02 0.000000000000000000e+00 0.000000000000000000e+00
1.330000000000000000e+02 0.000000000000000000e+00 0.000000000000000000e+00
1.400000000000000000e+02 0.000000000000000000e+00 0.000000000000000000e+00
1.480000000000000000e+02 0.000000000000000000e+00 0.000000000000000000e+00
1.540000000000000000e+02 0.000000000000000000e+00 0.000000000000000000e+00
1.620000000000000000e+02 0.000000000000000000e+00 0.000000000000000000e+00
