0.000000000000000000e+00 1.835000000000000000e+02
4.000000000000000000e+00 1.351999999999999886e+02
7.000000000000000000e+00 1.665000000000000000e+02
1.100000000000000000e+01 8.920000000000000284e+01
1.400000000000000000e+01 1.170000000000000000e+02
1.800000000000000000e+01 5.820000000000000284e+01
2.100000000000000000e+01 5.300000000000000000e+01
2.500000000000000000e+01 4.000000000000000000e+00
3.200000000000000000e+01 5.000000000000000000e-01
3.500000000000000000e+01 0.000000000000000000e+00
3.900000000000000000e+01 0.000000000000000000e+00
4.200000000000000000e+01 0.000000000000000000e+00
4.600000000000000000e+01 0.000000000000000000e+00
4.900000000000000000e+01 0.000000000000000000e+00
5.300000000000000000e+01 0.000000000000000000e+00
5.600000000000000000e+01 0.000000000000000000e+00
6.000000000000000000e+01 0.000000000000000000e+00
6.300000000000000000e+01 0.000000000000000000e+00
6.800000000000000000e+01 0.000000000000000000e+00
7.100000000000000000e+01 0.000000000000000000e+00
7.400000000000000000e+01 0.000000000000000000e+00
7.800000000000000000e+01 0.000000000000000000e+00
8.200000000000000000e+01 0.000000000000000000e+00
8.500000000000000000e+01 0.000000000000000000e+00
8.900000000000000000e+01 0.000000000000000000e+00
9.200000000000000000e+01 7.650000000000000000e+01
9.500000000000000000e+01 4.889999999999999858e+01
9.800000000000000000e+01 7.629999999999999716e+01
1.020000000000000000e+02 7.190000000000000568e+01
1.050000000000000000e+02 8.900000000000000000e+01
1.090000000000000000e+02 7.859999999999999432e+01
1.160000000000000000e+02 7.329999999999999716e+01
1.190000000000000000e+02 1.279000000000000057e+02
1.230000000000000000e+02 1.242999999999999972e+02
1.260000000000000000e+02 1.354000000000000057e+02
1.300000000000000000e+02 1.275000000000000000e+02
1.330000000000000000e+02 1.941999999999999886e+02
1.370000000000000000e+02 2.019000000000000057e+02
1.400000000000000000e+02 1.824000000000000057e+02
1.450000000000000000e+02 3.726999999999999886e+02
1.480000000000000000e+02 2.683000000000000114e+02
1.510000000000000000e+02 2.656000000000000227e+02
1.540000000000000000e+02 1.568000000000000114e+02
1.580000000000000000e+02 3.298999999999999773e+02
1.610000000000000000e+02 2.745000000000000000e+02
1.650000000000000000e+02 3.580000000000000000e+02
